0 0.780864 0.767783 0.106334 0.461670
0 0.456258 0.725106 0.097698 0.525100
0 0.690449 0.697101 0.073890 0.351973
0 0.370096 0.659159 0.051696 0.236581
0 0.533774 0.669313 0.076568 0.417371
0 0.596199 0.728710 0.113565 0.525078
2 0.378995 0.362088 0.027201 0.090146
0 0.301159 0.653271 0.044283 0.236820
0 0.643921 0.716018 0.061859 0.474113
0 0.332003 0.644961 0.027582 0.190963
1 0.882878 0.589447 0.138437 0.113730
0 0.736203 0.666102 0.047123 0.315264
0 0.643582 0.652251 0.057427 0.346571
2 0.274965 0.056172 0.040882 0.106166
2 0.099120 0.362019 0.065251 0.127008
0 0.977544 0.662004 0.044348 0.262223
0 0.322239 0.648155 0.045441 0.211620
