0 0.526862 0.613313 0.035489 0.198052
0 0.324289 0.623974 0.042617 0.210517
2 0.380258 0.353145 0.024936 0.086034
0 0.448816 0.614469 0.038844 0.198294
0 0.948690 0.587442 0.020790 0.096129
0 0.556782 0.610347 0.030736 0.146306
0 0.376713 0.627000 0.037820 0.179518
0 0.318709 0.622094 0.031981 0.196441
1 0.618704 0.571395 0.065226 0.070021
0 0.361582 0.614287 0.036602 0.217386
0 0.356551 0.603776 0.034387 0.206467
2 0.277765 0.060069 0.041858 0.112697
0 0.481958 0.605422 0.031243 0.172123
0 0.396581 0.610770 0.024514 0.147512
0 0.421518 0.595430 0.025049 0.143138
0 0.293081 0.615819 0.026066 0.170523
