0 0.370851 0.683968 0.070784 0.349839
0 0.869140 0.714190 0.128692 0.559132
0 0.649006 0.707862 0.143674 0.574562
0 0.967134 0.750433 0.065169 0.499134
0 0.489378 0.677238 0.063677 0.324492
0 0.759534 0.659090 0.061125 0.324692
2 0.379948 0.362552 0.027336 0.089193
0 0.315619 0.637840 0.041351 0.205858
0 0.440743 0.631561 0.064151 0.274688
0 0.541743 0.696689 0.069756 0.300462
2 0.276250 0.055574 0.039214 0.106272
0 0.714554 0.669923 0.049114 0.344348
0 0.818368 0.641551 0.044855 0.239853
0 0.273075 0.640688 0.036169 0.213017
0 0.926561 0.714267 0.073538 0.536726
0 0.573768 0.646398 0.039401 0.289626
