0 0.791975 0.705995 0.158105 0.583840
0 0.537631 0.707718 0.077882 0.359935
0 0.461510 0.701584 0.084326 0.425717
0 0.383383 0.676733 0.085470 0.384348
1 0.905645 0.607511 0.182092 0.195181
0 0.280049 0.686146 0.061231 0.312295
0 0.641023 0.712753 0.077501 0.415532
0 0.325947 0.669345 0.043311 0.254527
2 0.376392 0.361708 0.024978 0.084576
0 0.964061 0.783969 0.071313 0.420825
0 0.602326 0.620791 0.042378 0.206459
2 0.273994 0.054326 0.040865 0.104618
0 0.682670 0.623143 0.042880 0.231655
1 0.037879 0.686794 0.075276 0.174207
