0 0.504684 0.722401 0.104281 0.493283
0 0.409997 0.692270 0.090013 0.439968
0 0.779387 0.736786 0.129583 0.524309
0 0.620669 0.700941 0.109352 0.520200
0 0.901079 0.716515 0.132806 0.432409
2 0.378250 0.364276 0.025807 0.085168
0 0.556318 0.681057 0.046563 0.332783
0 0.966400 0.782586 0.067200 0.336208
0 0.308666 0.665847 0.037673 0.250571
0 0.341065 0.660555 0.038933 0.227253
0 0.300893 0.662889 0.042484 0.247250
2 0.275385 0.054638 0.039490 0.105901
0 0.833185 0.641359 0.051847 0.251252
0 0.686617 0.662976 0.047717 0.294474
0 0.364641 0.638458 0.025229 0.192601
1 0.949214 0.592190 0.087816 0.115571
