0 0.477148 0.625987 0.058322 0.226846
0 0.551852 0.615304 0.038989 0.209488
0 0.839493 0.705295 0.197753 0.574654
2 0.377130 0.352995 0.026899 0.085034
0 0.316919 0.625289 0.042286 0.207072
0 0.585820 0.618406 0.033920 0.163747
0 0.384092 0.630491 0.051774 0.180873
1 0.623472 0.574493 0.061279 0.072079
0 0.346640 0.615742 0.027005 0.193489
2 0.273700 0.051853 0.040404 0.098398
0 0.930714 0.568757 0.076126 0.193882
0 0.352454 0.615615 0.036996 0.194005
1 0.038929 0.689663 0.077340 0.166009
0 0.767177 0.572172 0.023621 0.065648
0 0.287486 0.598699 0.026975 0.142157
0 0.935427 0.742689 0.129008 0.484349
0 0.440309 0.592731 0.027291 0.153275
0 0.362424 0.616050 0.030642 0.198355
