0 0.790825 0.696925 0.143496 0.591099
0 0.405178 0.701501 0.088702 0.418043
0 0.315136 0.639128 0.040327 0.200152
2 0.380356 0.363071 0.027214 0.086394
0 0.692968 0.713196 0.079429 0.377100
0 0.592213 0.672583 0.069662 0.312576
0 0.491147 0.686510 0.064956 0.288015
0 0.542271 0.636826 0.047957 0.217285
0 0.460280 0.660766 0.038095 0.287466
0 0.743440 0.574038 0.050228 0.168831
0 0.896540 0.624646 0.062706 0.296162
0 0.633639 0.659452 0.046857 0.268638
0 0.640669 0.657967 0.037375 0.279312
2 0.276931 0.055874 0.041000 0.107364
0 0.362158 0.635805 0.034429 0.184812
