0 0.784795 0.719141 0.118004 0.446314
0 0.576766 0.737278 0.159508 0.518503
0 0.410783 0.662827 0.051800 0.208721
0 0.312254 0.635269 0.040909 0.206956
0 0.941793 0.594073 0.018066 0.095413
0 0.374750 0.632577 0.042148 0.199162
2 0.375204 0.362136 0.026857 0.090584
0 0.522325 0.637983 0.057145 0.235108
2 0.270429 0.055499 0.038589 0.105606
0 0.341548 0.617915 0.026763 0.166933
0 0.453608 0.610825 0.023073 0.151020
0 0.265059 0.626116 0.029436 0.167232
0 0.990522 0.592733 0.018350 0.090565
1 0.036289 0.700564 0.072075 0.146004
