0 0.952542 0.685466 0.094570 0.608033
0 0.465104 0.735564 0.117996 0.520814
0 0.678118 0.696380 0.098913 0.356546
0 0.616909 0.652865 0.058700 0.294378
0 0.576214 0.633063 0.045090 0.247005
2 0.378982 0.362967 0.027523 0.088916
0 0.821745 0.733937 0.075411 0.480333
0 0.341445 0.634677 0.030354 0.174389
0 0.369564 0.623991 0.030213 0.172714
0 0.314343 0.641712 0.039161 0.200990
0 0.738427 0.637408 0.052113 0.283996
2 0.276476 0.055976 0.039095 0.106972
0 0.405261 0.614263 0.032884 0.210215
0 0.702012 0.696104 0.059947 0.329335
0 0.900802 0.598058 0.025608 0.094725
