0 0.931465 0.758023 0.136993 0.480288
0 0.786543 0.738690 0.104369 0.460531
0 0.347913 0.645851 0.054739 0.270619
1 0.853618 0.587061 0.108468 0.113845
0 0.443671 0.736877 0.112392 0.500605
2 0.369018 0.357036 0.025213 0.088555
0 0.265343 0.632129 0.040790 0.241098
0 0.393931 0.600478 0.036680 0.188750
0 0.888444 0.528191 0.043518 0.103916
1 0.037102 0.677809 0.073755 0.177178
0 0.312596 0.584708 0.028091 0.139791
2 0.266728 0.053419 0.040245 0.101069
0 0.485463 0.714722 0.067119 0.428751
0 0.387582 0.600474 0.031659 0.187844
