0 0.902441 0.692278 0.137785 0.389683
0 0.621975 0.740967 0.088399 0.443682
0 0.760324 0.745893 0.092948 0.503029
0 0.967801 0.728713 0.062697 0.470897
0 0.548946 0.616327 0.053469 0.186976
0 0.382163 0.665993 0.075705 0.349717
0 0.466466 0.673716 0.071321 0.334415
0 0.268060 0.712136 0.085739 0.385109
2 0.375223 0.362118 0.024685 0.085476
0 0.312376 0.689986 0.057393 0.327139
1 0.681809 0.590160 0.081236 0.130850
1 0.649179 0.588053 0.148060 0.131467
2 0.271908 0.054299 0.041397 0.101837
0 0.487273 0.678136 0.030755 0.321754
0 0.424917 0.641659 0.050402 0.238804
0 0.325158 0.633164 0.034729 0.184688
