0 0.528673 0.722702 0.107812 0.551020
0 0.707842 0.725597 0.108967 0.536586
0 0.403063 0.659833 0.051115 0.230123
0 0.469322 0.660497 0.060589 0.345115
0 0.630426 0.741403 0.077890 0.389153
0 0.344863 0.666683 0.059416 0.282506
0 0.922622 0.683709 0.065209 0.307469
2 0.379362 0.364282 0.027747 0.088813
0 0.801485 0.737484 0.108404 0.461640
0 0.288726 0.646997 0.037259 0.218698
0 0.837765 0.683685 0.069883 0.404692
1 0.920149 0.611721 0.159134 0.185245
2 0.275182 0.056326 0.039862 0.106408
2 0.099252 0.362315 0.065837 0.123119
0 0.827878 0.694755 0.057006 0.430748
0 0.307711 0.639778 0.025141 0.195697
